time,p_iq,p_am,p_wm,p_thm,r_iq,r_am,r_wm,r_thm
2.77e-07,0.0,0.0,0.0,-0.022022564,0.0,0.0,0.0,-0.28129822
0.0350336,0.0,0.0,0.0,-0.022022564,0.0,0.0,0.0,-0.28129822
0.07022232,-1.0,-1.0347812,-0.13767011,-0.025038494,-1.0,-3.6444612,0.0020083857,-0.28129822
0.105242565,1.0,5.7539988,-0.00283139,-0.026672121,1.0,-4.7723775,-0.018852537,-0.28114113
0.14027308,1.0,8.048433,0.17485741,-0.02353053,1.0,-14.967661,-0.02890035,-0.28123537
0.17529185,1.0,5.723602,0.3030737,-0.015142476,1.0,-7.038837,-0.0168122,-0.28142387
0.2103182,-1.0,4.895502,0.16565204,-0.0076026544,-1.0,11.95569,0.0126333805,-0.28173804
0.245356,-1.0,-5.724925,0.002825655,-0.0045867255,-1.0,-0.019631665,2.055189e-06,-0.28161237
0.28038067,1.0,8.804741,0.13069472,-0.0014137167,1.0,3.6393533,-0.012080917,-0.28142387
0.31576592,1.0,0.5247939,0.2751079,0.0058433623,1.0,-0.9937096,0.00021756437,-0.28139246
0.35078907,-1.0,-0.8643543,0.11648359,0.011812388,-1.0,7.466465,0.015055078,-0.2816752
0.38582438,-1.0,-9.708901,-0.055693828,0.013100442,-1.0,-0.017464692,1.8225375e-06,-0.2814867
0.42085388,1.0,1.0437201,0.08461806,0.014388494,1.0,4.077535,-0.0108322855,-0.28117254
0.45587534,1.0,-2.420046,0.21138196,0.019540707,1.0,-0.47228375,8.563571e-05,-0.28114113
0.49130696,1.0,65.072624,0.39381832,0.029279644,1.0,-1.0000196,-0.009972044,-0.28139246
0.5263327,1.0,21.902311,0.49685067,0.043919466,1.0,5.611,-0.0048576356,-0.2814867
0.56136584,-1.0,6.3368273,0.34413812,0.057648227,-1.0,1.7007641,-0.00042692115,-0.2817066
0.59639406,1.0,-11.324266,0.43176123,0.07187964,1.0,-10.895124,-0.024958903,-0.28158095
0.63142407,1.0,4.567808,0.56692517,0.089661054,1.0,0.0063777245,-5.79717e-07,-0.2817066
0.6664535,-1.0,8.155555,0.42801693,0.10640574,-1.0,15.415566,0.019328367,-0.28180087
0.7017514,-1.0,-12.7923765,0.23087515,0.11799822,-1.0,3.816124,-0.0054604793,-0.28176945
0.7367801,1.0,-12.64049,0.33643946,0.12886813,1.0,0.7555576,-0.003490634,-0.28129822
0.77183855,-1.0,-3.5776112,0.1883658,0.13757034,-1.0,1.2455909,-0.0003525543,-0.28139246
0.80686915,-1.0,-9.906997,0.0090899775,0.1410575,-1.0,-2.5683267,0.00091960613,-0.28114113
0.8418981,-1.0,-16.519861,-0.16462104,0.13854423,-1.0,-1.176486,0.00030239235,-0.28095263
0.87692827,-1.0,1.5293875,-0.30166593,0.1303761,-1.0,5.7911067,0.022671163,-0.2805128
0.9119603,1.0,1.1155705,-0.18846212,0.12173671,1.0,-2.022292,0.000537241,-0.28035572
0.94700235,-1.0,-0.48836148,-0.34041524,0.11180928,-1.0,3.4023728,-0.0016551289,-0.2804814
0.98203146,-1.0,4.047799,-0.4640885,0.09767211,-1.0,-0.015859919,1.639782e-06,-0.28035572
1.0170672,-1.0,-14.887341,-0.64106584,0.07825708,-1.0,-4.1395664,0.0033791554,-0.28023008
1.0520958,-1.0,-13.926283,-0.7899316,0.05353274,-1.0,-4.197606,0.00331595,-0.28019866
1.087114,-1.0,-7.3665543,-0.9359647,0.02359336,-1.0,0.00113472,-8.830872e-08,-0.28023008
1.1221315,-1.0,10.268042,-1.0428604,-0.011372565,-1.0,3.0504067,-0.0013754305,-0.28019866
1.1571618,1.0,-13.35583,-0.95267755,-0.0459615,1.0,-9.334563,-0.02154063,-0.280073
1.1921879,1.0,-0.02577001,-0.759511,-0.07539822,1.0,-3.8626425,0.002692439,-0.2802929
1.227249,1.0,12.247518,-0.5653503,-0.09877168,1.0,0.2926167,-4.281809e-05,-0.2806699
1.2622933,-1.0,-0.7563624,-0.6753719,-0.12126548,-1.0,6.4229302,-0.01075232,-0.28123537
1.297755,-1.0,-15.301524,-0.81523955,-0.14727786,-1.0,-12.891319,-0.021952864,-0.28136104
1.3327905,1.0,6.3761992,-0.63497865,-0.1724106,1.0,-1.3474066,0.00047717002,-0.28120396
1.3678143,-1.0,-11.017067,-0.78878725,-0.19782609,-1.0,20.269289,0.021757696,-0.2814867
1.4029095,-1.0,5.89633,-0.874028,-0.226446,-1.0,4.7071147,-0.0037551448,-0.28145528
1.4379405,1.0,6.9531817,-0.69492877,-0.25421768,1.0,1.1025968,-0.00026923657,-0.28110972
1.4729719,-1.0,12.408968,-0.83187455,-0.28180087,-1.0,-1.8191766,0.003929613,-0.28120396
1.5079957,-1.0,-5.870221,-0.95840156,-0.31255704,-1.0,-0.10830968,1.4912403e-05,-0.2810783
1.5430284,1.0,17.142,-0.7407886,-0.34249642,1.0,2.9770153,-0.000931231,-0.28076413
1.5782694,1.0,-10.818657,-0.6273487,-0.36693802,1.0,-0.038708363,4.190856e-06,-0.28076413
1.6133047,-1.0,-4.273201,-0.69278014,-0.38987166,-1.0,-2.255069,0.00060892233,-0.28098404
1.6483287,-1.0,-16.918793,-0.8078408,-0.4156327,-1.0,2.573261,-0.0008047828,-0.28092122
1.6833462,-1.0,-0.5871475,-0.89874846,-0.44532076,-1.0,-8.371384,-0.013784781,-0.28082696
1.7183685,1.0,1.5328664,-0.7394148,-0.47416058,1.0,-7.894797,-0.016986452,-0.28060704
1.7535716,-1.0,33.538567,-0.8320843,-0.5024349,-1.0,-5.54477,0.011469634,-0.28076413
1.7885932,-1.0,1.8613149,-0.94327885,-0.5331597,-1.0,-10.904299,-0.025278194,-0.2808584
1.8236141,1.0,-1.1838418,-0.77959746,-0.56294197,1.0,1.7210765,-0.023062814,-0.28057563
1.8586384,1.0,16.414978,-0.56638163,-0.58700657,1.0,-7.2477746,0.0038134223,-0.28076413
1.8936771,1.0,-6.165619,-0.40572876,-0.6043168,1.0,3.1511095,-0.0012555397,-0.28104687
1.9286944,-1.0,9.163062,-0.4437204,-0.6191451,-1.0,8.104595,-0.0058175116,-0.28136104
1.9637761,1.0,-6.101738,-0.30823195,-0.6318371,1.0,-2.141385,-0.017589841,-0.28120396
1.9988005,-1.0,4.938908,-0.33593518,-0.6435553,-1.0,10.3693075,0.03723229,-0.28154954
2.0338194,1.0,4.3150477,-0.20694779,-0.6532628,1.0,-1.7807932,-0.028592186,-0.28154954
2.0688381,-1.0,-9.932393,-0.27795637,-0.6619964,-1.0,-0.9515308,0.00021027391,-0.28151813
2.1038558,1.0,9.669023,-0.11733366,-0.6686566,1.0,-1.9573145,-0.00745007,-0.28145528
2.1389244,1.0,9.061319,0.06508119,-0.6697561,1.0,-0.11781764,1.6477557e-05,-0.28139246
2.173942,-1.0,-4.7210474,0.0020910515,-0.6684995,-1.0,1.272097,-0.00028340326,-0.2817066
2.208962,1.0,12.667299,0.13367242,-0.6658291,1.0,-5.127672,-0.035246413,-0.28129822
2.2440283,-1.0,-16.957268,0.06784649,-0.6621849,-1.0,1.8816696,0.020716684,-0.28145528
2.279054,-1.0,-2.322229,-0.04062969,-0.6618079,-1.0,-2.3077886,-0.012781194,-0.28142387
2.3140814,-1.0,-9.642155,-0.19236702,-0.6658291,-1.0,-2.3010917,-0.012161631,-0.28095263
2.3491068,1.0,-3.4878013,-0.035139047,-0.66956764,1.0,11.164802,0.021334566,-0.2806699
2.3841636,-1.0,-2.773098,-0.0890322,-0.67242646,-1.0,-5.5765533,0.0034012543,-0.2808584
2.4192045,-1.0,-4.4904532,-0.2229522,-0.6779243,-1.0,7.099207,-0.009944605,-0.28060704
2.4542403,-1.0,-0.96988404,-0.33394065,-0.6874433,-1.0,-1.7371433,0.00042463915,-0.28023008
2.489263,1.0,7.592509,-0.18953253,-0.6967424,1.0,1.044803,0.021031315,-0.2802615
2.5242805,-1.0,6.2872696,-0.22658436,-0.70484775,-1.0,4.2768393,-0.006166848,-0.2804814
2.5593004,1.0,3.6392884,-0.13195772,-0.71122515,1.0,-7.200319,-0.02572985,-0.28019866
2.5943458,-1.0,-7.649319,-0.17544916,-0.7164716,-1.0,-4.251143,0.0021263144,-0.2805128
2.62937,-1.0,0.065020956,-0.28513205,-0.7243256,-1.0,2.8395836,-0.00091425737,-0.28079554
2.6643941,1.0,-0.0030112448,-0.17665507,-0.7319282,1.0,-7.157803,-0.020905176,-0.28045
2.7000194,-1.0,0.48167992,-0.1943329,-0.7383371,-1.0,-1.11092,0.011574578,-0.28095263
2.7350395,-1.0,5.089019,-0.30516112,-0.7474163,-1.0,6.248832,-0.010885029,-0.28110972
2.7700567,-1.0,5.9113054,-0.40913936,-0.7602026,-1.0,1.9996749,-0.008242211,-0.28079554
2.8050778,1.0,-7.3503246,-0.3018283,-0.7728946,1.0,-7.377267,0.009081487,-0.2808584
2.8401,1.0,7.6233387,-0.104410626,-0.7803088,1.0,-2.8744667,0.0014330223,-0.2810783
2.8751328,1.0,8.5254,0.07978645,-0.78078,1.0,-10.856317,-0.027829664,-0.28114113
2.9101572,1.0,15.149291,0.26736274,-0.77443403,1.0,0.4033168,-0.00996606,-0.28117254
2.9451745,1.0,18.916004,0.45977598,-0.7618048,1.0,10.75966,0.018285533,-0.28158095
2.9808197,-1.0,3.8878462,0.36826771,-0.7470393,-1.0,-10.359447,-0.034118865,-0.2818951
3.0158439,-1.0,-2.759903,0.24132171,-0.7355725,-1.0,1.1747173,-0.013822126,-0.28161237
3.0508647,-1.0,-10.238422,0.11200322,-0.7294464,-1.0,-6.3639655,0.01685617,-0.28151813
3.085882,-1.0,-0.12548928,-0.032834284,-0.7285982,-1.0,-1.8572043,0.012017861,-0.28145528
3.1212466,-1.0,-5.1569533,-0.17645921,-0.73277646,-1.0,4.173782,-0.0044766227,-0.28095263
3.1562724,-1.0,6.5846825,-0.2894787,-0.7416986,-1.0,11.921028,0.026217572,-0.2805128
3.1912897,-1.0,-3.816649,-0.44311857,-0.7552389,-1.0,-5.744815,0.009437542,-0.28038713
3.2263157,1.0,15.796633,-0.32541195,-0.76918757,1.0,8.5572815,0.021717193,-0.2799473
3.261337,-1.0,14.368706,-0.34672293,-0.78162825,-1.0,-2.6755834,-0.012268028,-0.280073
3.296389,1.0,-6.699801,-0.28716296,-0.7929694,1.0,-3.409403,0.0060115666,-0.2799159
3.3314066,1.0,7.5392537,-0.06460973,-0.79884416,1.0,2.6543205,0.01063526,-0.2801358
3.3664255,1.0,6.6993003,0.11209837,-0.7979017,1.0,3.6410365,-0.012884359,-0.28060704
3.4016912,-1.0,-5.07436,0.0844146,-0.7939433,-1.0,-4.600561,-0.0312317,-0.28092122
3.4367082,-1.0,-7.1616626,-0.043311186,-0.7928752,-1.0,4.1302624,-0.0030000394,-0.2810783
3.4717262,-1.0,-8.02789,-0.15359229,-0.796111,-1.0,-2.5826213,0.0009967821,-0.28126678
3.506858,1.0,-1.2799051,-0.051828668,-0.79997516,1.0,-3.8766868,0.005468222,-0.28120396
3.541881,1.0,6.3378897,0.14879784,-0.7986557,1.0,0.009535874,-9.237143e-07,-0.28126678
3.5769038,1.0,5.7954097,0.3161586,-0.7908331,1.0,0.65638167,-0.0001376778,-0.28132963
3.6119406,-1.0,-0.37681884,0.27326384,-0.7802774,-1.0,-5.363682,-0.017901193,-0.28142387
3.6469817,1.0,2.7818632,0.3408605,-0.76943886,1.0,-4.230777,0.0030138216,-0.28110972
3.6820378,1.0,5.0221305,0.5178957,-0.7544849,1.0,0.70662284,0.012559482,-0.28126678
3.717056,1.0,21.933294,0.6659222,-0.7340331,1.0,-15.727869,-0.027652632,-0.28139246
3.7520785,1.0,12.189379,0.8132577,-0.70798934,1.0,-0.8136421,-0.014812062,-0.28123537
3.7875407,-1.0,-17.449936,0.7442646,-0.6798092,-1.0,14.496527,0.024897927,-0.28145528
3.8225605,-1.0,3.1717706,0.59753346,-0.6561216,-1.0,0.0015536104,-1.2034053e-07,-0.28139246
3.8575778,-1.0,-16.647173,0.43504065,-0.6381203,-1.0,-4.840051,0.004613449,-0.2810783
3.8931937,1.0,-15.753497,0.52490056,-0.6223181,1.0,-8.373797,0.0066178925,-0.28079554
3.9282148,-1.0,6.481231,0.42970568,-0.60664153,-1.0,7.765305,0.02035323,-0.2808898
3.963262,1.0,-0.4088656,0.42872822,-0.5917818,1.0,-16.605013,-0.023281017,-0.28045
3.9982874,1.0,-10.188876,0.5816213,-0.5735292,1.0,9.6882715,0.02301928,-0.28035572
4.0337286,-1.0,17.410639,0.53977764,-0.553423,-1.0,18.124216,0.022225682,-0.2807013
4.0687513,-1.0,-7.192927,0.3648281,-0.53784066,-1.0,3.280844,-0.006682839,-0.28041857
4.1037755,1.0,-4.354404,0.38422117,-0.5249916,1.0,-7.2670894,0.007096773,-0.28016722
4.1388893,1.0,15.164143,0.54227304,-0.50900084,1.0,-3.5760794,0.019893968,-0.28045
4.1739063,-1.0,-1.3958677,0.45875552,-0.49153358,-1.0,4.084885,-0.0011881184,-0.28073272
4.2089286,1.0,2.2251754,0.47364616,-0.47526014,1.0,-4.3696723,-0.018031862,-0.2803243
4.243959,1.0,-15.523337,0.6168087,-0.4556566,1.0,11.114114,0.031317692,-0.28057563
4.27899,-1.0,-16.352077,0.5707048,-0.43445083,-1.0,10.3469095,0.015975615,-0.2810783
4.314141,-1.0,-2.1329753,0.3964074,-0.41770616,-1.0,3.5722444,-0.009664722,-0.2808584
4.3491597,-1.0,-7.7639246,0.224352,-0.40699333,-1.0,-1.1324955,0.00027536473,-0.2806699
4.384192,-1.0,-7.2433796,0.0503055,-0.40250084,-1.0,-8.091834,0.0122457985,-0.28060704
4.4199033,1.0,-10.782596,0.028238568,-0.40114996,1.0,21.862623,0.019265374,-0.2802615
4.454945,1.0,14.114792,0.21149816,-0.3966889,1.0,2.9160757,-0.0011272125,-0.28023008
4.489969,1.0,12.714261,0.34459698,-0.38748404,1.0,3.0542295,-0.0075371927,-0.28023008
4.5252085,1.0,17.054247,0.46965945,-0.37356678,1.0,-0.09309462,1.2538092e-05,-0.2802929
4.5602317,-1.0,-5.065056,0.4262583,-0.3580473,-1.0,3.7609088,-0.0010782115,-0.2806699
4.595269,-1.0,-6.256812,0.23110764,-0.34711456,-1.0,3.5289054,-0.011323422,-0.2806699
4.6311097,1.0,-11.58188,0.18011577,-0.33926058,1.0,-3.8316312,0.0015134737,-0.28038713
4.6661434,1.0,-4.655688,0.37930182,-0.32848492,1.0,1.6891942,0.022480657,-0.2805128
4.701168,1.0,13.507004,0.5013054,-0.31334245,1.0,-1.0207394,-0.017098213,-0.2807013
4.7369347,-1.0,-22.136007,0.43108258,-0.2960637,-1.0,10.772694,0.0092251375,-0.2808898
4.7719536,-1.0,9.932352,0.2777517,-0.28371724,-1.0,2.9362698,-0.001333057,-0.2807013
4.8069973,-1.0,-5.4228516,0.08525931,-0.2775283,-1.0,19.721323,0.024915557,-0.28057563
4.8427343,-1.0,5.169262,-0.10996418,-0.27768537,-1.0,-5.266071,0.0037883783,-0.28041857
4.877755,1.0,-4.450525,-0.09304384,-0.28110972,1.0,-3.572708,0.001150536,-0.28004158
4.912772,-1.0,0.70594287,-0.0806695,-0.28434554,-1.0,8.628669,0.01632269,-0.2801044
4.947802,1.0,-2.300429,-0.1286365,-0.2887752,1.0,-0.25306663,3.703153e-05,-0.27982166
4.983545,-1.0,-7.2150435,-0.11918835,-0.29260793,-1.0,7.6826777,0.005869757,-0.2801044
5.018566,1.0,-3.611521,-0.14035743,-0.29750884,1.0,-0.5326881,9.77906e-05,-0.2799159
5.0535903,1.0,-2.5993438,0.02235238,-0.29895395,1.0,0.7185515,-0.00014334395,-0.2801044
5.0891604,1.0,6.5061088,0.1836049,-0.29518405,1.0,3.7924073,-0.0022446387,-0.2803243
5.1241937,1.0,9.335366,0.3110056,-0.286419,1.0,5.683775,-0.005290986,-0.28057563
5.1592216,1.0,-1.8716296,0.44631168,-0.27284732,1.0,3.7036524,-0.0067631747,-0.28082696
5.1950054,1.0,2.9927163,0.5793935,-0.25418627,1.0,4.151969,-0.0021023387,-0.28110972
5.2300425,1.0,1.1238282,0.70252687,-0.23128405,1.0,0.32037494,-5.5314948e-05,-0.28126678
5.2650857,1.0,-7.404866,0.8185517,-0.20401503,1.0,-16.29322,-0.02264802,-0.28145528
5.300861,-1.0,-6.7404037,0.8226124,-0.17429556,-1.0,15.243905,0.0054271077,-0.28161237
5.335884,-1.0,9.078552,0.62078786,-0.14988539,-1.0,4.2057295,-0.0036719765,-0.28139246
5.3709054,1.0,-3.4371414,0.5880595,-0.12905663,1.0,-8.539875,0.00430463,-0.2808584
5.4059315,-1.0,-18.182041,0.56366915,-0.10866769,-1.0,2.2134051,-0.0038592515,-0.2808584
5.4409614,1.0,-3.181248,0.5101509,-0.09032079,1.0,-5.580059,0.011968211,-0.2803243
5.4759803,1.0,3.4457767,0.6588256,-0.069523446,1.0,4.5385365,0.024427589,-0.28016722
5.5118747,1.0,9.438449,0.78576773,-0.043699555,1.0,-5.532592,0.0044579944,-0.2801358
5.5468984,1.0,5.694958,0.89096093,-0.014105751,1.0,4.331372,-0.0027614883,-0.2803243
5.5819254,-1.0,-11.798836,0.8746546,0.017310176,-1.0,-2.9948018,-0.025830835,-0.2806385
5.6170306,1.0,2.5053973,0.821037,0.046652652,1.0,-7.464813,0.0058106864,-0.2804814
5.6520586,-1.0,-9.872101,0.80661786,0.07564955,-1.0,-14.724919,-0.029400563,-0.28079554
5.6870756,-1.0,-18.640835,0.5870718,0.099934064,-1.0,-11.302746,-0.01817801,-0.28082696
5.7222195,1.0,-20.910685,0.5380949,0.12010308,1.0,-3.2652793,0.02502798,-0.28045
5.75725,-1.0,-1.0166768,0.5545702,0.13989513,-1.0,-11.28531,-0.026105868,-0.2806385
5.7922673,1.0,3.622212,0.49046344,0.15751946,1.0,6.591781,0.02855308,-0.2803243
5.8272967,-1.0,-1.196134,0.47141522,0.17479822,-1.0,2.8076422,-0.019796144,-0.28054422
5.8627753,-1.0,4.0060925,0.28751075,0.18786724,-1.0,-1.354195,0.00032566627,-0.28035572
5.8977947,-1.0,-6.5814342,0.093871064,0.19424467,-1.0,-10.86138,-0.0209015,-0.28023008
5.932812,-1.0,-9.204158,-0.08947231,0.19405618,-1.0,-5.1486235,0.0073284875,-0.28004158
5.9678445,1.0,1.2047894,-0.12731336,0.18981503,1.0,5.44939,0.03776154,-0.2797274
6.0028615,1.0,-3.546251,0.0021865102,0.18805574,1.0,-3.822508,0.005460569,-0.279696
6.037879,-1.0,-1.0578434,0.00019859157,0.18862122,-1.0,3.3551047,-0.029845536,-0.280073
6.073117,1.0,-9.43976,-0.048654538,0.18752167,1.0,-2.5164208,0.02008906,-0.2799473
6.1081405,1.0,-0.9057092,0.09396187,0.18880972,1.0,0.6692543,-0.00013685839,-0.2801358
6.143158,1.0,-10.862509,0.20281838,0.19452742,1.0,-2.6455534,-0.013768888,-0.28035572
6.1781855,-1.0,-3.3180447,0.20109753,0.20228715,-1.0,-10.327836,-0.03807424,-0.28076413
6.213213,1.0,-1.7096786,0.14853306,0.20806769,1.0,1.3243498,0.029464372,-0.28060704
6.248236,1.0,-5.1004314,0.2826898,0.21589024,1.0,1.7641717,-0.00051144324,-0.28076413
6.2832723,-1.0,19.498613,0.2764583,0.22578627,-1.0,-14.383362,-0.04111292,-0.28101546
6.3184276,1.0,-2.7954988,0.2033731,0.23351458,1.0,7.4092603,0.022604283,-0.2808584
6.3534536,1.0,10.837919,0.3471271,0.2432221,1.0,-3.4963577,0.011367122,-0.2807013
6.3884764,1.0,5.046498,0.45813882,0.25710794,1.0,3.4222946,-0.008470324,-0.28082696
6.423536,1.0,22.477886,0.5662612,0.27507785,1.0,1.4210327,-0.009023136,-0.2808898
6.4585576,1.0,22.767136,0.7098383,0.29710042,1.0,-1.0200055,0.0002457323,-0.28095263
6.4935756,-1.0,-0.07073265,0.679557,0.32135352,-1.0,-5.128377,-0.013130769,-0.28101546
6.5285945,1.0,-9.850977,0.59951264,0.34328184,1.0,5.6814446,0.028325425,-0.28095263
6.5642877,-1.0,2.3239477,0.6095524,0.36549288,-1.0,-2.9838579,0.0010780129,-0.28095263
6.599444,1.0,-6.6548667,0.53004956,0.38490793,1.0,7.267508,0.023662604,-0.2806699
6.634464,1.0,15.358014,0.6643331,0.40579954,1.0,3.8351407,-0.0014191422,-0.2806385
6.6698766,1.0,-7.104585,0.755068,0.43083802,1.0,-0.08980572,1.159091e-05,-0.28060704
6.704897,-1.0,-23.074697,0.71311307,0.45751014,-1.0,-0.73861676,-0.011012777,-0.28079554
6.7399144,1.0,-0.937589,0.6831577,0.48179466,1.0,9.318643,0.018789286,-0.28060704
6.7752786,-1.0,-11.888067,0.6588502,0.50582784,-1.0,-8.263685,-0.02175782,-0.2808898
6.810296,-1.0,4.7307296,0.48029745,0.5254314,-1.0,-1.1456093,0.0002623117,-0.2806699
6.845317,-1.0,-8.777354,0.2694383,0.5379977,-1.0,-2.4455075,0.0009027248,-0.2807013
6.8803344,-1.0,-4.2137566,0.089179,0.5438411,-1.0,-3.0971625,0.0012494943,-0.28035572
6.9158163,-1.0,-2.0646029,-0.10293039,0.54289865,-1.0,-1.1948344,0.0003084217,-0.2802615
6.9508386,1.0,16.15423,-0.15616377,0.5375579,1.0,0.5062312,-0.00014664115,-0.27997875
6.9858685,1.0,2.5979402,-0.035378564,0.5343535,1.0,3.649231,0.0040754075,-0.27997875
7.021743,-1.0,-18.802237,-0.041842327,0.534165,-1.0,-7.149116,-0.023133766,-0.2801358
7.056774,-1.0,-12.121987,-0.18000808,0.53058356,-1.0,-1.2623154,0.00033181236,-0.2803243
7.091797,1.0,17.33548,-0.21186915,0.52307516,1.0,14.096849,0.017431566,-0.28035572
7.1276684,-1.0,-19.3419,-0.21296023,0.5161951,-1.0,0.681478,-0.0077637737,-0.28041857
7.1626916,1.0,-1.8904747,-0.26112783,0.50802696,1.0,3.0103052,-0.0013439895,-0.2805128
7.1977086,-1.0,-0.67979527,-0.18741468,0.50080127,-1.0,-4.671911,0.0064057647,-0.2806699
7.232732,1.0,-4.083701,-0.26571906,0.4925075,1.0,0.39870596,-0.00010926562,-0.28060704
7.2677493,-1.0,-2.395774,-0.20454074,0.48521897,-1.0,0.95979697,-0.00017324109,-0.28073272
7.3032165,1.0,3.8055155,-0.2380555,0.47670528,1.0,-0.65650344,0.000114014525,-0.2807013
7.338246,-1.0,11.09721,-0.1902878,0.46929112,-1.0,0.64224946,-0.00010608713,-0.28082696
7.3732667,-1.0,-11.692187,-0.34646928,0.45948935,-1.0,-2.5300713,0.00079911953,-0.2806699
7.40928,-1.0,-8.001259,-0.49954084,0.4438442,-1.0,17.623161,0.027118849,-0.28073272
7.444319,1.0,-6.8281827,-0.54923123,0.42499465,1.0,-0.3320745,4.5550867e-05,-0.28041857
7.4793572,1.0,13.861617,-0.38979468,0.40881544,1.0,5.298016,-0.00584218,-0.28038713
7.514462,-1.0,16.521494,-0.30963606,0.3966889,-1.0,-12.62762,-0.01725506,-0.28041857
7.549484,1.0,-5.9344697,-0.38241708,0.38380837,1.0,-1.7582773,0.0027230633,-0.28060704
7.584508,-1.0,9.206583,-0.2988477,0.37231013,-1.0,12.085308,0.014945316,-0.28060704
7.6195364,1.0,19.56905,-0.34398448,0.36015218,1.0,-6.639443,-0.021302402,-0.2806699
7.654599,1.0,8.829733,-0.18299271,0.35082164,1.0,3.7058425,-0.008576663,-0.2807013
7.689621,-1.0,-11.014684,-0.12390629,0.34585795,-1.0,8.101111,0.019947218,-0.2808898
7.7246585,-1.0,-4.932257,-0.2548756,0.33894643,-1.0,0.19501129,-3.0298474e-05,-0.2808898
7.7597284,-1.0,-11.75785,-0.4083035,0.3270398,-1.0,0.90945494,0.017606495,-0.28082696
7.7947454,1.0,7.63889,-0.45301342,0.3116774,1.0,3.517341,-0.002182138,-0.28057563
7.829766,1.0,-5.422603,-0.3104658,0.29911104,1.0,1.6086551,-0.0005502234,-0.28035572
7.8652744,-1.0,-9.674146,-0.21791975,0.29081723,-1.0,-21.111883,-0.02045477,-0.2805128
7.900646,-1.0,0.8271051,-0.32157797,0.28060704,-1.0,10.227286,0.01933972,-0.2805128
7.9356637,-1.0,-6.790986,-0.4894967,0.26540175,-1.0,-2.4798555,0.0075395196,-0.2804814
7.9706874,-1.0,1.9385934,-0.6329889,0.2453898,-1.0,-0.005591282,5.0571583e-07,-0.2803243
8.005713,-1.0,4.4493985,-0.77252346,0.22035131,-1.0,2.2311347,-0.0008746799,-0.2802929
8.04213,1.0,13.253369,-0.82808703,0.1905376,1.0,2.4905605,-0.006549738,-0.2801358
8.077173,-1.0,-12.472097,-0.7732737,0.1631115,-1.0,2.7958941,-0.00080670055,-0.28019866
8.112198,-1.0,1.4090142,-0.8828435,0.13408318,-1.0,-0.0016670199,1.3405628e-07,-0.2802929
8.147218,1.0,24.170013,-0.9275359,0.10172477,1.0,1.5650777,-0.008063355,-0.2802929
8.18293,-1.0,3.243859,-0.84296805,0.07008893,-1.0,0.8993066,-0.00016944107,-0.28041857
8.217949,1.0,28.903082,-0.87272197,0.03917566,1.0,-15.294557,-0.03598469,-0.28045
8.252971,1.0,-14.375356,-0.77170587,0.010618583,1.0,6.473144,-0.0058467486,-0.2805128
8.288176,-1.0,-5.261223,-0.66069305,-0.013446016,-1.0,0.597066,0.0074775266,-0.28079554
8.323194,1.0,11.331255,-0.67409855,-0.036976546,1.0,-7.9178357,-0.012225794,-0.28073272
8.358211,1.0,-17.60176,-0.54992926,-0.05808805,1.0,-2.4820414,-0.01956479,-0.2808898
8.393236,-1.0,-6.284601,-0.4384608,-0.07426725,-1.0,7.1140594,0.0063016578,-0.28104687
8.428253,1.0,-0.7222924,-0.45727482,-0.089912385,1.0,-6.025117,0.0029468136,-0.2808584
8.463287,-1.0,-4.8447223,-0.40766275,-0.10467787,-1.0,5.8628044,-0.002944769,-0.28101546
8.498318,1.0,24.878977,-0.39251825,-0.118752204,1.0,-26.146193,-0.016204337,-0.28079554
8.533678,-1.0,13.120445,-0.3690837,-0.13213539,-1.0,5.313425,-0.0030073926,-0.28076413
8.568702,-1.0,14.457423,-0.46101964,-0.1463668,-1.0,-4.170992,0.0033496127,-0.2806699
8.603774,1.0,-8.711282,-0.49949035,-0.16370839,1.0,-9.11932,0.006203644,-0.2802615
8.63879,1.0,-6.3176675,-0.37392682,-0.17866237,1.0,-2.0557215,-0.012236598,-0.2802929
8.67382,-1.0,22.249718,-0.24465029,-0.18890397,-1.0,8.516857,-0.00687724,-0.28038713
8.709434,1.0,-20.794786,-0.27916706,-0.19873714,1.0,-5.3967185,0.0122013,-0.28023008
8.744462,-1.0,9.53644,-0.21480511,-0.20753361,-1.0,-0.2991455,-0.019656887,-0.2805128
8.77948,-1.0,3.4178903,-0.31603393,-0.21695839,-1.0,0.0858682,-1.1709237e-05,-0.28057563
8.814731,1.0,-30.065256,-0.38445288,-0.22965042,1.0,3.1608703,0.02586378,-0.28023008
8.850331,1.0,-10.56315,-0.25011137,-0.24014334,1.0,-3.2944262,-0.01360528,-0.28035572
8.885367,1.0,3.9959273,-0.03441606,-0.24413316,1.0,0.37273198,-6.145632e-05,-0.28041857
8.920407,1.0,16.936663,0.14897476,-0.24215396,1.0,0.07558373,-9.880262e-06,-0.28057563
8.955908,1.0,13.763978,0.31503615,-0.23401724,1.0,4.1060586,-0.0022988927,-0.28079554
8.990966,1.0,15.119024,0.49183503,-0.22016281,1.0,1.2042241,-0.00030520713,-0.28101546
9.025993,-1.0,13.422046,0.5256032,-0.2023814,-1.0,8.4929285,-0.015212215,-0.28129822
9.061018,1.0,-23.752628,0.49334908,-0.18450573,1.0,12.40213,0.028560214,-0.28104687
9.097298,1.0,1.9995263,0.6313927,-0.16477653,1.0,-1.3389778,-0.008418159,-0.28101546
9.132319,1.0,-2.334151,0.75404173,-0.14061768,1.0,1.1201822,-0.000280634,-0.28101546
9.16735,-1.0,25.57009,0.82457256,-0.11284601,-1.0,6.5762253,-0.010558554,-0.28110972
9.202374,-1.0,12.573325,0.67792803,-0.08689645,-1.0,14.980192,0.028264964,-0.28101546
9.237391,1.0,-23.706917,0.56392556,-0.06553362,1.0,2.0543308,0.023279212,-0.28060704
9.272941,1.0,2.7761445,0.68492955,-0.042976987,1.0,-5.51223,-0.028362522,-0.28054422
9.3079815,-1.0,19.790949,0.75010526,-0.017215928,-1.0,-9.354136,-0.030255904,-0.28054422
9.343003,-1.0,-8.191911,0.6088117,0.006471681,-1.0,10.893475,0.030703334,-0.2804814
9.378027,1.0,-18.404154,0.50650424,0.02522699,1.0,-9.080015,0.009351971,-0.28023008
9.413044,1.0,-16.912388,0.57909006,0.04442212,1.0,-16.78069,-0.027435737,-0.28023008
9.448072,1.0,-0.7046908,0.73154104,0.0680469,1.0,-1.851705,-0.012234537,-0.28023008
9.483089,1.0,10.563295,0.87559325,0.09597565,1.0,-1.4575963,0.00040531135,-0.28041857
9.518708,-1.0,29.6393,0.91325027,0.1280199,-1.0,8.252285,-0.009799689,-0.28076413
9.553973,1.0,-17.043154,0.84254444,0.15896459,1.0,-9.521959,0.0051680715,-0.2808898
9.589,1.0,-0.24516839,0.9370679,0.18987785,1.0,4.7520723,-0.0026400373,-0.28092122
9.624028,-1.0,12.423109,0.9781407,0.22396414,-1.0,7.7438226,-0.0053597414,-0.28110972
9.659274,-1.0,-24.433817,0.7935162,0.25616547,-1.0,-3.4696345,0.005728279,-0.28110972
9.694291,1.0,-6.310728,0.74363476,0.28277475,1.0,-12.238818,0.012089715,-0.28095263
9.72931,-1.0,-21.703918,0.70307666,0.3082845,-1.0,-7.27898,-0.026418546,-0.2807013
9.764336,-1.0,-1.6347003,0.58146316,0.3315951,-1.0,-1.855111,0.01178258,-0.28054422
9.799361,-1.0,-22.477926,0.35987696,0.34824553,-1.0,-10.8788805,-0.0027848077,-0.28038713
9.835958,-1.0,-14.492313,0.18291496,0.35873845,-1.0,3.3580372,0.015742093,-0.2801044
9.871002,1.0,-19.322496,0.087849356,0.36304244,1.0,10.748263,0.028550899,-0.279696
9.906024,-1.0,22.084974,0.08611152,0.36586988,-1.0,3.1978276,-0.01067717,-0.279696
9.941058,-1.0,-0.36533588,-0.06322971,0.3666867,-1.0,-0.36941093,6.651447e-05,-0.27982166
9.977806,-1.0,-4.3900723,-0.246729,0.36112607,-1.0,3.9989245,-0.0046323445,-0.279696
10.012842,-1.0,-9.270988,-0.40704453,0.34984776,-1.0,0.00010714885,-6.943758e-09,-0.2797274
10.047861,-1.0,-3.1451325,-0.5572707,0.33285174,-1.0,-0.00018517805,1.2228616e-08,-0.279696
10.082881,-1.0,1.6307958,-0.70555395,0.31038934,-1.0,6.777825,0.014240314,-0.27982166
10.1179,1.0,-55.451202,-0.7890542,0.28362298,1.0,5.2064447,0.026484609,-0.279696
10.152955,1.0,-10.800216,-0.6709652,0.2578305,1.0,3.635383,-0.001469329,-0.27985308
10.187977,1.0,11.781684,-0.50818557,0.23753582,1.0,1.4622232,-0.0003804424,-0.2801358
10.223027,-1.0,39.402737,-0.4278229,0.22204778,-1.0,0.21857165,-0.03753907,-0.28060704
10.259463,-1.0,5.8768353,-0.5319847,0.20539732,-1.0,1.2827253,-0.00033346043,-0.28095263
10.294485,1.0,-19.815527,-0.5600804,0.1854168,1.0,-1.2707615,0.015244189,-0.28095263
10.329514,-1.0,34.992435,-0.56848943,0.16546768,-1.0,1.6184796,-0.018335253,-0.28098404
10.364532,-1.0,7.905177,-0.63238156,0.14507875,-1.0,-2.103518,0.00060196297,-0.28098404
10.399563,1.0,-9.228866,-0.6610317,0.120731406,1.0,-1.9560854,0.02749874,-0.28076413
10.434581,-1.0,23.789112,-0.70960456,0.09679247,-1.0,-0.7118691,-0.0211261,-0.28060704
10.469646,-1.0,-11.756564,-0.75647175,0.072507955,-1.0,-1.4067363,0.009020997,-0.2804814
10.504665,1.0,-30.000887,-0.7843164,0.044139378,1.0,5.095979,0.037532333,-0.2802615
10.539691,1.0,-7.0537896,-0.7043638,0.01712168,1.0,-1.2011827,0.00039025288,-0.28016722
10.574716,-1.0,54.284557,-0.632903,-0.005026548,-1.0,-10.423088,-0.03778214,-0.28023008
10.60976,-1.0,-7.3638325,-0.68921685,-0.027394688,-1.0,-1.3538327,0.00036618306,-0.28045
10.644779,-1.0,11.842538,-0.80378175,-0.05438097,-1.0,-3.270624,0.001633537,-0.2804814
10.679796,1.0,-18.845774,-0.8241926,-0.08498008,1.0,23.79269,0.05402282,-0.2802929
10.7165785,-1.0,21.98975,-0.9040808,-0.11636459,-1.0,-24.390064,-0.050569277,-0.28023008
10.751596,-1.0,8.824628,-0.87393147,-0.1463668,-1.0,-4.2178183,0.0017101618,-0.28035572
10.786616,1.0,-38.4865,-0.90539426,-0.179919,1.0,22.17323,0.050329257,-0.2802615
10.821635,1.0,-5.7971888,-0.83924896,-0.21161768,1.0,-1.5336703,0.006251683,-0.28023008
10.856945,1.0,6.4133453,-0.65711594,-0.23775573,1.0,-1.4412991,-0.014365377,-0.2803243
10.891967,-1.0,46.76478,-0.6265474,-0.25827032,-1.0,-30.276318,-0.04787516,-0.28060704
10.926984,1.0,-59.283215,-0.46644402,-0.27740264,1.0,27.551619,0.045688555,-0.2808898
10.962016,-1.0,36.605076,-0.5873019,-0.29540396,-1.0,-13.941921,-0.034133762,-0.28101546
10.997034,1.0,-50.110855,-0.38894865,-0.31233713,1.0,15.134053,0.030590156,-0.28098404
11.032319,-1.0,40.65853,-0.5303989,-0.3285792,-1.0,-15.0825815,-0.020000162,-0.28092122
11.067336,1.0,-32.463898,-0.30354998,-0.34369025,1.0,18.51431,0.025643688,-0.28104687
11.102353,1.0,-1.6308163,-0.3242324,-0.35691634,1.0,-3.9292054,-0.01931393,-0.28082696
11.1373825,-1.0,13.640725,-0.30718708,-0.3649274,-1.0,-1.8776677,-0.0009007706,-0.2806699
11.172738,1.0,-21.201653,-0.060809974,-0.3716504,1.0,3.276198,0.024598433,-0.28073272
11.207914,-1.0,12.799779,-0.27780882,-0.37761945,-1.0,2.1285183,0.002989065,-0.2806385
11.242949,-1.0,-17.713688,-0.19918062,-0.3830544,-1.0,5.4356785,0.018334977,-0.28060704
11.277979,-1.0,4.5350943,-0.3271438,-0.39282474,-1.0,-0.3419141,5.3365926e-05,-0.28041857
11.313716,1.0,22.682165,-0.25091264,-0.40664774,1.0,-0.7082975,0.00014968171,-0.2802615
11.34955,-1.0,2.470353,-0.47532123,-0.41949686,-1.0,12.737728,0.005177649,-0.280073
11.384568,-1.0,10.941143,-0.35305712,-0.4317805,-1.0,-1.7744378,0.015147215,-0.280073
11.419591,-1.0,-5.5176625,-0.5104708,-0.4480225,-1.0,-0.21022831,3.311582e-05,-0.280073
11.455049,1.0,62.890923,-0.4096079,-0.4680659,1.0,-10.910549,-0.018246453,-0.2801044
11.490077,-1.0,-68.39457,-0.6950075,-0.48656988,-1.0,-1.0437326,-0.022482164,-0.28001016
11.525332,1.0,92.97141,-0.27599242,-0.5045084,1.0,-3.6519594,0.0060472596,-0.2801358
11.560364,-1.0,-88.16027,-0.6527177,-0.5209389,-1.0,10.914566,0.0061811456,-0.2803243
11.595395,-1.0,-5.787784,-0.46359923,-0.5369296,-1.0,0.29695836,-4.7762605e-05,-0.2805128
11.630413,1.0,148.85391,-0.34704003,-0.5560619,1.0,-5.6021156,-0.0052274237,-0.28057563
11.665917,-1.0,-164.1972,-0.7167588,-0.5742203,-1.0,-13.850184,-0.020096803,-0.2804814
11.700942,-1.0,12.746984,-0.48438716,-0.5914991,-1.0,5.1733913,0.017412588,-0.2806385
11.735962,-1.0,-16.980297,-0.6613232,-0.61251634,-1.0,11.349581,0.018171748,-0.2806385
11.77098,1.0,246.53282,-0.43699643,-0.63686365,1.0,3.401289,-0.0014080672,-0.2804814
11.806725,1.0,-15.559288,-0.59751207,-0.6596088,1.0,3.0993655,-0.0013530491,-0.28038713
11.841743,1.0,7.97237,-0.36577383,-0.6755681,1.0,-5.2226305,0.009315035,-0.28041857
11.8767605,1.0,7.5752,-0.16167858,-0.68464726,1.0,2.7167225,-0.0009511678,-0.2807013
11.911782,1.0,-1.9003278,0.026816191,-0.6866579,1.0,-4.6885967,-0.021853695,-0.2808584
11.947978,-1.0,-3.120135,0.2161788,-0.6816314,-1.0,-2.328683,-0.009939097,-0.2810783
11.983043,-1.0,9.402471,0.13661659,-0.67669904,-1.0,17.310427,0.026007487,-0.28129822
12.01806,-1.0,-11.347916,-0.028932959,-0.67534816,-1.0,4.575913,-0.0025728405,-0.28132963
12.053082,-1.0,3.9262266,-0.13790935,-0.6783955,-1.0,-0.16765343,2.3802402e-05,-0.28098404
12.088107,-1.0,-4.25229,-0.28687537,-0.68596673,-1.0,-9.534444,0.012706445,-0.2807013
12.123128,-1.0,-11.737512,-0.3965155,-0.6976849,-1.0,-4.1575384,0.003697599,-0.2804814
12.158147,-1.0,-19.258566,-0.5370779,-0.7134871,-1.0,-0.015389416,1.5457563e-06,-0.2801044
12.193172,1.0,-8.741067,-0.60696626,-0.73315346,1.0,-6.547962,0.007675382,-0.27982166
12.228204,-1.0,11.645095,-0.45967132,-0.75068355,-1.0,3.9711456,-0.0015734241,-0.279696
12.263224,1.0,-1.7380013,-0.50663346,-0.76833934,1.0,-5.0818443,0.0022034594,-0.27979025
12.298336,1.0,12.106133,-0.36563653,-0.78297913,1.0,3.461191,-0.016860163,-0.2799473
12.333353,1.0,2.0124135,-0.1554903,-0.7914614,1.0,0.76103723,-0.010036122,-0.2801044
12.368376,1.0,9.26605,0.051955093,-0.7931893,1.0,-2.8105214,0.0015954538,-0.28060704
12.405151,-1.0,-8.62599,-0.039485306,-0.7941632,-1.0,-5.8550143,-0.014888281,-0.28101546
12.440359,-1.0,-2.190158,-0.16742821,-0.7983729,-1.0,-0.09553265,-0.011146308,-0.28114113
12.475379,-1.0,-2.6324527,-0.26369712,-0.80632114,-1.0,-0.11434166,1.546566e-05,-0.28117254
12.510404,1.0,-3.1601863,-0.12848039,-0.8123844,1.0,6.4148273,-0.005149482,-0.28114113
12.54609,1.0,6.113556,0.09010007,-0.812353,1.0,3.4387567,-0.0018278724,-0.28110972
12.5817175,1.0,64.62653,0.35548162,-0.8053787,1.0,3.753396e-07,-1.6860072e-11,-0.28114113
12.616746,-1.0,6.7793317,0.20961072,-0.79783887,-1.0,13.395929,0.030309372,-0.28114113
12.651769,1.0,5.208946,0.31934136,-0.78806853,1.0,8.688071,-0.0071495734,-0.28104687
12.686799,1.0,-4.837444,0.5020735,-0.7732716,1.0,-1.2496542,0.00026761164,-0.28095263
12.721863,1.0,8.492571,0.6652168,-0.75285125,1.0,4.389876,0.02421928,-0.2810783
12.757613,1.0,16.79318,0.82298523,-0.7262734,1.0,1.9024036,-0.016186642,-0.28117254
12.792665,-1.0,18.315044,0.721296,-0.70051235,-1.0,-6.6243877,0.008826144,-0.28110972
12.827698,-1.0,-14.346622,0.5226715,-0.6794323,-1.0,15.281609,0.027940402,-0.2810783
12.863097,-1.0,12.195517,0.365132,-0.6639128,-1.0,0.047548912,-8.436255e-06,-0.28082696
12.898389,1.0,10.457167,0.46885267,-0.6483619,1.0,1.4390928,-0.0004598459,-0.2805128
12.933411,-1.0,5.074792,0.36417377,-0.63466454,-1.0,-0.80174434,0.024822151,-0.28041857
12.96843,1.0,-14.461362,0.44721633,-0.61989903,1.0,6.645308,-0.00514687,-0.2803243
13.003461,1.0,16.862194,0.6148664,-0.6011438,1.0,5.225841,-0.005833937,-0.28016722
13.038736,-1.0,1.3420956,0.47450182,-0.5829225,-1.0,9.726028,0.035624344,-0.2802929
13.073759,-1.0,-19.0443,0.2933122,-0.569665,-1.0,2.5545087,-0.00071885966,-0.2803243
13.108777,1.0,2.32019,0.3928245,-0.55650175,1.0,5.6262374,-0.022365922,-0.28016722
13.143795,1.0,4.7903123,0.5651966,-0.53963137,1.0,-5.042757,0.0046475823,-0.28019866
13.179145,-1.0,-2.5614784,0.42245522,-0.5236407,-1.0,-1.5184153,0.00041312203,-0.2805128
13.21467,1.0,2.5846856,0.5027322,-0.50683314,1.0,13.477705,-0.015057726,-0.2805128
13.249695,1.0,-13.74466,0.6197848,-0.48656988,1.0,3.7643044,-0.009909989,-0.2804814
13.284715,-1.0,9.212916,0.51907647,-0.46712342,-1.0,13.037123,0.024830574,-0.28073272
13.319737,-1.0,-3.8734982,0.3145094,-0.4526721,-1.0,1.4675367,-0.00032687845,-0.28079554
13.355728,-1.0,-15.058415,0.12974145,-0.44378138,-1.0,-11.722669,-0.030094832,-0.28060704
13.390758,-1.0,-10.078821,-0.02140697,-0.44129953,-1.0,-2.828007,0.014056276,-0.28019866
13.425775,1.0,3.9175453,0.12515771,-0.43963447,1.0,-3.9920487,0.0061018504,-0.27997875
13.460793,1.0,8.2234955,0.21195379,-0.4341367,1.0,2.7912512,-0.0073843217,-0.280073
13.497277,1.0,3.656564,0.36544478,-0.42301545,1.0,5.0729733,-0.005770229,-0.2801044
13.532299,1.0,15.274082,0.5236356,-0.40749598,1.0,2.592113,-0.0009977318,-0.2801358
13.56732,-1.0,-3.3251543,0.35817638,-0.392542,-1.0,-14.387088,-0.029710913,-0.2804814
13.602342,-1.0,-10.639607,0.18783528,-0.38252032,-1.0,-2.2520173,0.001014586,-0.2805128
13.637368,1.0,8.848556,0.33641997,-0.37353536,1.0,7.8595304,-0.003320141,-0.28035572
13.672388,1.0,8.714824,0.4235722,-0.36112607,1.0,2.2829988,-0.007401882,-0.28035572
13.707406,1.0,4.5821786,0.5494899,-0.34428713,1.0,-1.1695622,0.0002992332,-0.2805128
13.742432,-1.0,-3.526519,0.38637555,-0.32798228,-1.0,-11.886194,-0.022090571,-0.28073272
13.77745,-1.0,-11.703554,0.22516043,-0.31651545,-1.0,0.06477506,-8.1748685e-06,-0.2805128
13.812479,-1.0,-1.2411166,0.072135806,-0.31145748,-1.0,-5.262317,0.004730809,-0.2802929
13.847554,-1.0,2.1987696,-0.11598853,-0.3128084,-1.0,-3.6030648,0.011145276,-0.2801044
13.882586,1.0,10.535089,-0.0041605355,-0.31522742,1.0,10.042146,0.02130943,-0.27982166
13.917617,-1.0,-14.466745,-0.19662167,-0.31880882,-1.0,4.937004,-0.0076559,-0.27985308
13.952648,1.0,9.846644,-0.020326931,-0.32198182,1.0,7.497947,0.0052027483,-0.27963316
13.987758,-1.0,-4.603916,-0.19703425,-0.3264429,-1.0,-14.130919,-0.03196919,-0.2798845
14.022775,1.0,-0.08658245,-0.0412397,-0.3302128,1.0,8.4968195,0.004084678,-0.27982166
14.057793,1.0,4.124462,0.06224117,-0.3301814,1.0,-1.6835084,-0.02587602,-0.28004158
14.09281,1.0,1.4563984,0.22268885,-0.3248721,1.0,3.4930801,-0.0019439765,-0.28023008
14.127835,1.0,-6.74017,0.33410782,-0.31491324,1.0,0.91333014,-0.00019431993,-0.2805128
14.162852,1.0,13.188738,0.50244385,-0.29992786,1.0,4.705949,-0.0034099238,-0.28076413
14.1978855,1.0,-2.5923917,0.61322457,-0.28038713,1.0,2.3079545,-0.0008176026,-0.28098404
14.232912,1.0,-13.077317,0.7482795,-0.25616547,1.0,0.15429652,-4.292688e-05,-0.28110972
14.267942,1.0,14.05538,0.8879005,-0.22751413,1.0,-3.2746983,-0.012114943,-0.28123537
14.303051,-1.0,-8.250818,0.7247475,-0.19895706,-1.0,-3.4826653,-0.011916567,-0.28126678
14.338072,-1.0,-1.1121494,0.5800783,-0.1755522,-1.0,-4.2451305,0.0017140991,-0.28095263
14.373096,1.0,19.76281,0.68550134,-0.15393804,1.0,10.832649,0.025559675,-0.28045
14.408122,-1.0,-5.945754,0.49777025,-0.13380043,-1.0,0.3835681,0.005713623,-0.28038713
14.443144,1.0,8.636059,0.6095008,-0.11432256,1.0,17.52789,0.029878939,-0.2799473
14.478174,1.0,5.9357395,0.70266694,-0.09176592,1.0,10.709203,0.012610194,-0.27985308
14.5132,1.0,3.1734004,0.829229,-0.06471681,1.0,2.455812,0.006468063,-0.27979025
14.550055,1.0,-1.1076217,0.94497,-0.03182433,1.0,-10.876305,-0.018253334,-0.2801044
14.585246,-1.0,3.848873,0.84534323,-0.00018849556,-1.0,6.3711085,-0.008288006,-0.28035572
14.620264,1.0,22.124926,0.9245312,0.030127874,1.0,4.7491083,0.013281783,-0.2802929
14.655282,-1.0,2.3971019,0.762791,0.05915619,-1.0,-15.82551,-0.023644136,-0.28057563
14.690836,-1.0,-6.8883185,0.56836116,0.082812384,-1.0,-3.7655504,0.00630926,-0.28054422
14.726348,1.0,17.724638,0.6581592,0.10404955,1.0,15.434548,0.019938981,-0.2802929
14.761366,-1.0,-17.680693,0.50330293,0.12393583,-1.0,-1.6414573,0.00039255733,-0.2803243
14.796384,1.0,1.7877822,0.5597815,0.14243981,1.0,4.9607515,0.019296812,-0.2801358
14.831408,-1.0,-13.3746805,0.43269673,0.15984423,-1.0,-16.288034,-0.029151741,-0.28035572
14.866432,-1.0,-12.422422,0.25536215,0.17197078,-1.0,-5.57159,0.004392514,-0.280073
14.902147,-1.0,-0.22647427,0.069867216,0.17762564,-1.0,0.0062659006,-6.020183e-07,-0.28004158
14.937164,-1.0,-11.455012,-0.11831454,0.17671458,-1.0,5.24456,0.017704982,-0.2797588
14.972185,1.0,3.660738,-0.060515262,0.17357299,1.0,8.715555,0.03369062,-0.2795389
15.007273,1.0,1.8241453,0.063232124,0.17391858,1.0,-0.12190859,-0.010243336,-0.27957034
15.0422945,-1.0,-4.6064134,-0.028256878,0.17467256,-1.0,-17.819517,-0.027079444,-0.27997875
15.077319,1.0,2.92397,0.027489303,0.17445263,1.0,-0.0067496058,0.009952168,-0.27985308
15.11234,1.0,1.8731835,0.14532022,0.17756282,1.0,4.527752,-0.0025779544,-0.2801044
15.147428,1.0,-0.1613755,0.26712435,0.18497698,1.0,-8.770932,-0.01355291,-0.2803243
15.182458,-1.0,-11.127726,0.156387,0.19254822,-1.0,-4.6638155,-0.01846427,-0.28079554
15.217489,1.0,2.3657775,0.20821913,0.19892564,1.0,0.2740695,0.016091505,-0.2804814
15.25252,1.0,3.5490859,0.3318056,0.20841326,1.0,-5.503864,-0.023063084,-0.28073272
15.287631,-1.0,-8.275728,0.21655776,0.21830927,-1.0,-13.285333,-0.0197476,-0.2808584
15.322651,1.0,14.7561035,0.28032163,0.22660308,1.0,19.320707,0.021901099,-0.2807013
15.357669,1.0,14.966717,0.3810436,0.2381013,1.0,-0.50866157,9.0073416e-05,-0.2804814
15.392686,1.0,13.513543,0.5058616,0.25377786,1.0,0.01000311,-9.4984796e-07,-0.2806385
15.427703,1.0,4.5426245,0.61463773,0.27347565,1.0,-3.664731,-0.013496821,-0.28076413
15.462934,1.0,-0.29237247,0.7323636,0.29750884,1.0,-0.016028205,1.6505344e-06,-0.28073272
15.497969,-1.0,-4.8753357,0.6516186,0.321919,-1.0,-4.506104,0.0019623232,-0.28082696
15.532991,1.0,15.535299,0.6819755,0.34447563,1.0,0.94942135,-0.00020664393,-0.28079554
15.568014,-1.0,-20.180794,0.56516886,0.36637253,-1.0,-1.846613,0.0005978527,-0.28079554
15.603267,1.0,8.479475,0.59437674,0.3863845,1.0,21.103565,0.024560636,-0.28038713
15.638302,1.0,21.924486,0.7190925,0.40912962,1.0,3.3954933,-0.009638488,-0.28054422
15.673328,1.0,0.6384124,0.7968715,0.4357389,1.0,-0.16473636,-0.010001187,-0.28045
15.708346,-1.0,-8.756855,0.7152621,0.46259952,-1.0,-5.070857,0.0039505134,-0.2807013
15.74362,1.0,15.193303,0.7267106,0.48757517,1.0,4.7193623,-0.0028894513,-0.28045
15.778742,-1.0,3.8452094,0.6433466,0.5116398,-1.0,-6.0451117,0.0046888767,-0.28073272
15.81376,-1.0,4.5621157,0.45017323,0.5300495,-1.0,-0.095583856,0.0020807523,-0.2805128
15.848777,-1.0,-15.397974,0.22322026,0.5414849,-1.0,-4.2922854,0.007795123,-0.28045
15.884268,-1.0,-8.012017,0.048609696,0.5462287,-1.0,-1.890262,0.0006053914,-0.28016722
15.919295,-1.0,0.6857207,-0.13354787,0.5442181,-1.0,-3.5639806,0.0018250608,-0.280073
15.954582,1.0,6.0783787,-0.13204367,0.53938,1.0,4.0626793,-0.014281641,-0.27982166
15.989606,1.0,-3.0830681,0.010756444,0.53806055,1.0,-0.84587926,0.00018555074,-0.27982166
16.024633,-1.0,-12.75872,-0.031613268,0.53802913,-1.0,-14.491055,-0.009796761,-0.28016722
16.059656,-1.0,-0.45015776,-0.18185145,0.5333482,-1.0,0.09824498,-1.3396962e-05,-0.2802615
16.095003,1.0,3.7876716,-0.19472659,0.52621675,1.0,3.4728022,-0.0021714547,-0.2802615
16.130026,-1.0,1.788561,-0.20322771,0.5197137,-1.0,-3.4178061,0.0028795167,-0.28041857
16.16505,1.0,8.138484,-0.20593533,0.5120796,1.0,0.06107231,-0.019173468,-0.2804814
16.200073,-1.0,-5.737451,-0.21445423,0.5051995,-1.0,-6.5506673,0.007619898,-0.28060704
16.235579,1.0,4.179229,-0.20508915,0.49734554,1.0,5.2406836,-0.0049559637,-0.2804814
16.270609,-1.0,2.260887,-0.20714909,0.4904026,-1.0,-2.6714752,0.004182764,-0.28073272
16.305637,1.0,-3.9635248,-0.20464268,0.48261148,1.0,3.8344998,-0.0070811915,-0.2805128
16.340658,-1.0,2.7597718,-0.20819305,0.47566855,-1.0,8.754971,0.026157614,-0.2807013
16.376368,-1.0,8.381439,-0.3901846,0.46457872,-1.0,0.9583973,0.00094953744,-0.2805128
16.411386,-1.0,-4.1712236,-0.52626336,0.44846234,-1.0,-4.023765,0.0027420453,-0.28054422
16.446404,1.0,2.5824447,-0.5012318,0.43027252,1.0,2.0577183,-0.0028473178,-0.2801358
16.48142,1.0,2.3837545,-0.33137313,0.41613537,1.0,-0.45007262,8.825115e-05,-0.28023008
16.51644,-1.0,6.4021854,-0.3449017,0.40451148,-1.0,-0.7595441,0.0016407243,-0.28038713
16.552307,1.0,5.1139917,-0.32319716,0.39185086,1.0,-2.0301633,0.00048710674,-0.28038713
16.587326,-1.0,-2.7759838,-0.32782874,0.3806982,-1.0,-1.323345,0.004829414,-0.28054422
16.622345,1.0,-6.4425807,-0.3198865,0.36894864,1.0,2.506404,-0.0019389467,-0.2804814
16.657362,1.0,-4.5812993,-0.14976004,0.36134598,1.0,-13.347205,-0.030445583,-0.2806699
16.693615,-1.0,-6.5299644,-0.15290478,0.3564451,-1.0,-0.44898766,0.02370345,-0.2807013
16.728653,-1.0,18.31979,-0.28848916,0.34793139,-1.0,19.946638,0.026442375,-0.28082696
16.763702,-1.0,-3.2125638,-0.45177093,0.3345168,-1.0,-3.1581407,0.0013738566,-0.28057563
16.798723,1.0,1.3746823,-0.41724232,0.31906015,1.0,-16.863495,-0.020101514,-0.2803243
16.835463,1.0,-7.15842,-0.24264207,0.3075305,1.0,2.6249337,-0.0073603615,-0.28019866
16.87059,-1.0,-6.0041265,-0.25340888,0.29948804,-1.0,0.7801135,0.0073970538,-0.28045
16.905619,-1.0,4.275865,-0.38830748,0.2882097,-1.0,0.3305485,-6.515248e-05,-0.28038713
16.94064,-1.0,3.4923925,-0.52476394,0.2720619,-1.0,-0.6779424,0.00013887219,-0.2803243
16.976166,-1.0,2.491907,-0.67693925,0.25057343,-1.0,-0.037021495,4.430279e-06,-0.28019866
17.011658,-1.0,-82.50142,-0.94897586,0.22396414,-1.0,-6.5257916e-07,3.0159982e-11,-0.28016722
17.046688,1.0,1.3926104,-0.7790848,0.19565839,1.0,-11.387791,-0.022996528,-0.2799473
17.081709,-1.0,-5.734539,-0.77921486,0.16870353,-1.0,3.1716015,-0.00088179,-0.28019866
17.116741,-1.0,-0.043819644,-0.92264515,0.13851282,-1.0,-1.2076344,-9.500075e-06,-0.2802929
17.15266,1.0,11.819071,-0.88982475,0.10543185,1.0,-9.817433,-0.013690005,-0.28016722
17.187681,-1.0,5.5118947,-0.8696618,0.07476991,-1.0,1.3964692,-0.00044367087,-0.28035572
17.22271,1.0,7.012493,-0.874532,0.04357389,1.0,-0.009775412,-0.010011704,-0.28035572
17.257742,1.0,4.938782,-0.7048812,0.01658761,1.0,3.7342448,-0.0032266001,-0.28041857
17.292807,-1.0,-4.337368,-0.674234,-0.0070371674,-1.0,6.1369834,0.005850892,-0.2807013
17.32783,1.0,-9.227642,-0.67934185,-0.031007519,1.0,1.8661904,-0.0055644996,-0.28057563
17.362846,1.0,-11.085889,-0.5077696,-0.050611056,1.0,-0.3395192,6.0019865e-05,-0.2806699
17.397865,-1.0,4.334487,-0.4359664,-0.06650752,-1.0,8.578131,0.0037204272,-0.2808898
17.43289,1.0,-17.43072,-0.4687817,-0.082780965,1.0,-0.24132961,3.969963e-05,-0.2806385
17.46877,-1.0,-10.809088,-0.40333885,-0.09751504,-1.0,10.264119,0.0131325815,-0.28076413
17.503794,1.0,-6.772686,-0.40492898,-0.11215486,1.0,-5.946392,0.0027157047,-0.28045
17.538826,-1.0,-21.476185,-0.37320024,-0.12538096,-1.0,18.173803,0.010508817,-0.28057563
17.57419,-1.0,10.127065,-0.5218614,-0.14159158,-1.0,8.425245,0.02173496,-0.28038713
17.60921,1.0,-18.744358,-0.53043187,-0.15940441,1.0,-3.8227806,0.0016038164,-0.28004158
17.644426,1.0,-1.8730004,-0.2979443,-0.17316459,1.0,1.6392554,0.023129743,-0.280073
17.679451,-1.0,-4.065647,-0.27539036,-0.1834376,-1.0,11.512169,-0.011586942,-0.28038713
17.714474,1.0,-9.161292,-0.28719562,-0.19364777,1.0,-5.405576,-0.024021052,-0.28016722
17.749905,-1.0,-6.842012,-0.22061382,-0.20225574,-1.0,6.7749753,-0.0054753376,-0.2804814
17.785257,-1.0,10.811486,-0.36152387,-0.21356547,-1.0,-4.776568,0.0045991107,-0.28045
17.820286,1.0,-10.875456,-0.37589794,-0.22657166,1.0,-2.9442208,0.0026703484,-0.28016722
17.855316,1.0,1.6102625,-0.15447992,-0.23568228,1.0,8.325853,0.016552303,-0.2802929
17.890343,1.0,5.830322,-0.002225931,-0.23854113,1.0,1.4861277,-0.0003491098,-0.28041857
17.925653,1.0,3.3107936,0.17493728,-0.23546237,1.0,-19.697523,-0.024989638,-0.28054422
17.960674,1.0,13.195018,0.34367946,-0.22641458,1.0,4.0472283,-0.0027152097,-0.2807013
17.995693,1.0,-7.1681676,0.48498103,-0.21177477,1.0,0.00029635653,-2.0272537e-08,-0.2808584
18.03071,-1.0,7.0059996,0.5061722,-0.19424467,-1.0,3.2970734,-0.028021025,-0.28117254
18.065943,1.0,1.2554736,0.49249545,-0.1773115,1.0,-0.4970099,-0.007423521,-0.28076413
18.100965,1.0,0.5863584,0.64196014,-0.15758228,1.0,-3.8400877,0.0054630325,-0.28073272
18.135983,1.0,0.32759193,0.7818874,-0.13282654,1.0,-4.1758103,0.0033135908,-0.28073272
18.17143,-1.0,159.83736,0.9455932,-0.10527477,-1.0,-6.4624295,-0.037780132,-0.28095263
18.206453,-1.0,-4.1640654,0.5906381,-0.08174424,-1.0,-9.694616,-0.016689314,-0.2807013
18.24184,1.0,1.2995225,0.5637117,-0.06138672,1.0,-7.878212,0.010516901,-0.2802929
18.27687,1.0,5.005774,0.730975,-0.038767252,1.0,-2.963917,0.015200742,-0.2802929
18.311895,-1.0,-17.079247,0.6896374,-0.01372876,-1.0,-16.72248,-0.03344189,-0.2805128
18.346918,-1.0,-22.447506,0.5047795,0.0075084064,-1.0,-0.11047467,1.3420809e-05,-0.2803243
18.382162,1.0,-11.02016,0.4807708,0.024975661,1.0,2.386786,0.027931591,-0.28004158
18.417192,1.0,-8.549701,0.6179448,0.04448495,1.0,-1.9425635,0.0099017965,-0.2801358
18.452229,1.0,20.605242,0.7594704,0.0684553,1.0,3.6831486,-0.0076713716,-0.2802929
18.487808,1.0,16.110582,0.8879373,0.09735796,1.0,-5.7883426e-06,3.1444583e-10,-0.28038713
18.523293,-1.0,10.330076,0.88383275,0.12867963,-1.0,-5.957513,-0.04254077,-0.28082696
18.55833,1.0,-6.1970606,0.8106054,0.15789644,1.0,15.2594795,0.028226377,-0.28076413
18.593353,1.0,-3.8514347,0.9487416,0.18912388,1.0,0.13800775,-1.9153347e-05,-0.2808584
18.628372,-1.0,-19.653313,0.93170434,0.22264467,-1.0,-20.774889,-0.033372562,-0.28098404
18.663544,-1.0,-12.932906,0.74996376,0.2522699,-1.0,-0.0453531,5.4818775e-06,-0.28092122
18.698565,1.0,11.869692,0.72048193,0.2773398,1.0,6.842475,0.035658084,-0.28057563
18.733582,-1.0,-15.489837,0.68937415,0.3023469,-1.0,-19.445377,-0.022046795,-0.2805128
18.768599,-1.0,-8.290795,0.51178473,0.32317564,-1.0,-2.0213034,0.000619814,-0.2802615
18.803905,-1.0,-8.533865,0.31778258,0.33746988,-1.0,-3.919251,0.0018926164,-0.2801358
18.839035,-1.0,1.0792353,0.13986532,0.34526104,-1.0,4.415795,0.022626791,-0.27979025
18.874056,1.0,-1.4148211,0.076487005,0.34830838,1.0,8.959337,0.02429474,-0.27957034
18.909077,-1.0,6.3806214,0.07250327,0.35132432,-1.0,-2.710966,-0.012064719,-0.27960175
18.944191,-1.0,-14.290771,-0.12017449,0.3504761,-1.0,-0.35001162,6.093939e-05,-0.279696
18.979227,-1.0,-9.600217,-0.28185007,0.3436274,-1.0,-0.47157636,9.90607e-05,-0.27963316
19.01425,-1.0,-7.6654477,-0.44256043,0.33106104,-1.0,8.42062,0.01500961,-0.279696
19.049274,-1.0,-4.299748,-0.5966809,0.3128398,-1.0,0.36325622,-6.547049e-05,-0.279696
19.085176,-1.0,-8.263539,-0.7492229,0.28852388,-1.0,-0.6012422,0.00012196319,-0.2797274
19.12089,1.0,-8.009509,-0.7727741,0.2607836,1.0,14.032295,0.017379154,-0.27966458
19.155916,1.0,-2.0797727,-0.61974454,0.23665617,1.0,5.528602,-0.005371913,-0.27985308
19.190937,1.0,-6.6335006,-0.4557625,0.21812078,1.0,-9.618632,-0.022813927,-0.28016722
19.22597,-1.0,-0.87687564,-0.4146389,0.20348096,-1.0,-11.181152,-0.018192448,-0.28054422
19.261574,-1.0,-159.44753,-0.72346216,0.18613936,-1.0,-15.337817,-0.01995479,-0.28082696
19.296598,1.0,-17.803654,-0.5985045,0.16587609,1.0,1.4481951,-0.00040398733,-0.28082696
19.331633,-1.0,-8.077975,-0.5342074,0.14680663,-1.0,-3.558406,0.002758997,-0.2808584
19.366655,-1.0,1.5903494,-0.67498815,0.12538096,-1.0,-0.49680385,9.2606664e-05,-0.28076413
19.40168,1.0,6.358965,-0.66786873,0.10097079,1.0,11.772751,0.018031966,-0.2805128
19.437107,-1.0,28.251207,-0.6195084,0.077534504,-1.0,-1.000782,0.00025960125,-0.28045
19.472126,-1.0,-6.5245028,-0.79436654,0.0522761,-1.0,-0.025395144,2.7583415e-06,-0.2803243
19.507158,1.0,3.6328912,-0.8040586,0.023813272,1.0,9.805501,0.015989006,-0.280073
19.542837,1.0,35.396194,-0.60834074,-0.0020106193,1.0,13.560318,0.020575738,-0.28004158
19.578318,-1.0,17.59078,-0.5586719,-0.023342034,-1.0,-1.41551,-0.007499641,-0.2802929
19.613346,-1.0,-1.5545691,-0.7183224,-0.04643274,-1.0,-0.14751023,2.184647e-05,-0.28035572
19.648367,-1.0,-4.140029,-0.8442188,-0.07411017,-1.0,-1.1053704,0.00026303684,-0.28035572
19.68405,1.0,-11.213548,-0.86505973,-0.105086274,1.0,26.42289,0.0409264,-0.28019866
19.719564,-1.0,-5.791008,-0.8132658,-0.13461724,-1.0,1.433566,-0.0002813959,-0.2803243
19.754587,-1.0,-21.280176,-0.9701022,-0.16546768,-1.0,-0.19621614,3.464266e-05,-0.2802929
19.78961,1.0,12.469707,-0.9474922,-0.19886282,1.0,7.781676,0.02177543,-0.280073
19.825369,1.0,33.467503,-0.8014377,-0.2298075,1.0,5.701332,-0.0019546228,-0.2803243
19.860893,1.0,24.472591,-0.5324906,-0.25355795,1.0,6.137639,-0.0073454143,-0.28038713
19.89591,-1.0,6.185823,-0.5087825,-0.27328715,-1.0,-2.121199,0.0028483123,-0.2806385
19.930939,1.0,16.514164,-0.54340345,-0.2919482,1.0,0.6478411,0.007240599,-0.2806385
19.965965,-1.0,11.968074,-0.44620705,-0.30916414,-1.0,-8.846037,0.009012593,-0.28101546
20.00181,1.0,-3.157322,-0.52393353,-0.32634863,1.0,2.9426289,-0.0046607885,-0.28082696
20.037703,-1.0,-2.6967688,-0.41929618,-0.34211943,-1.0,7.3895683,0.020134768,-0.2808584
20.072723,1.0,-22.535145,-0.46747056,-0.35685351,1.0,-3.9112701,0.0010833766,-0.2806385
